 1   75   91    6  85   4815
 2    6   48   48  48    234
 3    5   60   24  40    160
 4   74   48    8  86   4794
 5   10   74   70  11    659
 6   67   89   32  19   4551
 7   49   36   32  68   3150
 8   90   49   95  82   6014
 9   74   90    9  19   5017
10   94   49   19  47   6353
11   21    3   90  38   1399
12   95   21   60  34   6550
13   14   50    7  84    606
14   89   46   65  44   6081
15   38   83   62  63   2392
16   48   67   33  33   3194
17   70   88   91  86   4553
18   92   41   62  53   6244
19   92    3    4  17   6379
20   43   54    7  93   2594
21   40   75   86  15   2750
22   74   64   72  39   5024
23   50   61   46  71   3191
24   78    5   60  20   5440
25   32   13   14  56   2014
26   21   34   18  78   1140
27   88   96   17   1   6084
28   71    4   74  67   4773
29   43   29   10  19   2909
30    3   32   96  29    164
